-17299
-2148
-11760
-1473
-30623
-32259
-16145
-1701
-14686
-18374
-8196
-26462
-20931
-2554
-26463
-31477
-17216
-27174
-6991
-26297
-13951
-1295
-9191
-6972
-8019
-25529
-14263
-24223
-11758
11743
30369
19471
24660
15044
-9960
27792
18448
4123
18570
19705
22565
18468
29392
13632
20295
8985
12323
25848
4683
18376
19489
31000
2781
30593
18416
24318
24177
14642
26834
30900
4476
16337
5370
22129
27363
4090
29343
10595
11187
10458
32078
21419
28436
13387
1412
14762
18040
576
20092
14459
26136
21348
15942
26048
30113
14078
21529
31906
22826
24
22762
7187
1642
5600
32317
14934
14888
9038
24380
29122
8690
27143
6150
2755
19986
15490
26441
26401
32702
25449
3603
12933
10127
29250
25061
31801
10293
20302
17674
7727
12648
29361
31014
5445
18209
8404
18
11975
18699
9224
32487
12085
3636
18796
22361
22087
26889
9488
27463
25647
10113
24922
16015
1054
25496
7593
27431
16393
14335
8249
7018
25005
11538
24391
32431
25809
29194
9589
27680
24267
13940
21871
10186
32581
14306
4303
32240
3649
22496
17982
10405
2907
20009
27356
13210
21070
19227
25315
21044
26810
7785
23943
23521
22821
13840
10272
25261
16191
2444
15498
6160
26986
17739
3788
29706
13177
19042
24057
21106
32440
22143
3156
31372
27437
26654
17079
17625
13854
13056
25398
21299
25044
14553
3839
3865
2718
23114
17284
25159
3352
29710
21213
23945
25004
23672
15207
16850
20826
21789
8882
8072
26549
17614
30618
35
17966
19913
32691
19958
15509
5167
21483
28236
19165
18617
4202
16823
28704
19367
15293
32421
27362
31738
10548
6708
20122
1763
23176
13128
4719
19323
9409
13274
32063
9908
7255
7315
4837
15248
3224
11929
26300
2961
32329
26537
30559
29552
4496
1126
30643
24594
12050
31984
10536
20407
21592
12217
11067
29557
32631
11924
25664
1253
32240
25103
26462
9244
8917
30467
31707
20956
10285
19049
10649
23052
16282
18287
28385
16998
5689
27596
864
4464
20426
26192
19567
429
15633
959
26264
29972
20859
24031
26709
15553
7173
208
16922
2283
18266
31388
24470
5398
25915
2319
28215
25737
2340
22985
27884
8963
30253
4241
26926
32170
25646
2028
3393
2116
8230
32750
25527
681
3038
12113
29751
4728
16585
27332
7548
17674
23087
22149
20640
28068
10890
22066
4507
13297
24625
11997
24839
26287
23859
3934
29478
26280
18054
29421
22565
15844
3681
4592
31138
14109
32230
21777
4461
2419
516
32404
32139
27745
16284
32231
5505
10224
13026
8571
25807
29994
24071
6867
28346
17106
19221
2267
24398
12882
25882
31866
19876
24821
27784
11114
29537
20822
2780
17736
32127
2329
18814
7911
23120
14040
28648
10218
10431
29792
3339
24210
11482
31006
12270
13780
28045
20692
5017
8623
24496
27280
16945
15804
16965
5087
29540
16903
4090
13374
10760
14877
10742
23761
21758
12902
8145
88
30557
20405
14564
26462
7116
1310
8900
13491
5936
23560
26889
3613
24200
642
6740
15691
29716
5083
16016
23818
12221
20332
631
26300
26289
12729
15448
13317
13902
9145
11800
18631
30273
13425
10360
31057
5615
4296
29589
16595
26900
11670
8373
23573
10153
22526
10560
31849
9484
8190
32525
9951
603
20804
29151
5047
24608
28227
3632
8732
21300
24967
22829
13327
8413
22853
3585
1697
1594
311
16470
23141
3809
3750
2073
37
16070
21193
6782
7636
4959
18253
29765
16324
8197
18741
31035
2585
18846
30180
11523
7806
25977
24184
26902
2582
16249
1370
13321
20405
19318
23059
7695
25169
1504
10082
18110
9139
18341
10123
28694
15218
4437
13041
17087
23074
4485
15591
10130
15561
27249
4804
23131
1170
31461
4405
6621
14022
11869
17368
6423
30967
6251
8966
5574
23935
24409
25584
14379
21545
14863
3821
8206
4909
1336
20498
17155
3170
13217
13828
32748
17071
7649
21258
3007
5058
30015
29798
7050
18949
24016
25574
28596
2766
29664
26550
9349
29911
16531
29816
27624
749
25036
17814
5232
1772
26958
20439
410
20714
14114
16945
31058
22195
21304
2271
27320
28534
2641
1715
4643
30653
21019
30892
7782
29090
14494
14283
15187
30016
25304
19747
9598
1385
24228
3120
11076
7319
19425
10089
16139
1572
8399
29464
32458
22461
3516
19050
21709
7956
17377
19138
5554
6101
9095
22867
16312
32220
5486
9966
16185
20389
4974
9752
23668
5379
9311
10080
13968
32277
20279
4080
28638
28278
18802
24161
28511
18613
25783
29140
23430
3589
32696
18238
12862
9781
32346
8451
8751
25570
3350
19655
2365
6379
13214
31616
15442
20261
31428
24528
31838
31056
10648
1683
15516
12362
24017
7604
7702
20611
879
7492
17515
2993
28574
1741
26576
17093
8924
12003
18517
15389
30302
17661
26218
2555
14512
3459
9377
13622
32157
552
14005
47
9550
19578
460
22023
24246
20151
20985
14863
10541
12003
2309
19328
6490
6167
10863
12653
25943
9756
26801
757
31760
12089
6085
32701
11244
24648
10472
11422
7344
24335
5022
10394
8352
26318
20470
19989
8423
4885
17935
29761
10552
19672
22235
25819
22198
3525
25123
23061
11793
28117
28107
6355
7410
12066
21080
31513
10906
15352
4271
32452
7110
19246
13599
11385
3541
7863
27554
27356
19756
4212
10592
4610
27354
24908
3957
21288
21880
32383
27380
18597
31059
12599
30252
16925
11214
27745
16170
8440
26113
11450
22399
22802
4774
7981
12611
27060
29494
348
19801
25284
24655
28797
7925
19000
26969
6759
18524
30160
5993
1260
5355
11525
22373
24426
21595
10045
20330
4765
31555
14912
9066
695
11486
19695
27930
14259
4623
25140
27403
24550
8610
20533
11030
24791
15829
30669
13310
27216
19223
4156
29265
16309
9231
23325
27791
11157
3808
21657
654
20863
6060
13275
15389
21015
29783
20419
27368
30056
21901
15327
9116
20348
18694
12695
21067
4906
4360
6567
28177
1840
5422
18899
4088
20866
20585
19157
28953
3297
24644
15003
5124
23726
6508
7855
7522
29441
17775
15095
8153
15606
28100
16542
24368
10567
22540
26962
20148
15648
6039
21168
20186
27438
22570
11772
28197
24826
17919
6166
12618
15989
14094
11689
9875
27603
31115
12198
18561
413
27568
19441
29621
30466
16572
24154
29712
2671
5948
15822
27930
6239
17545
27086
8608
21619
31122
11297
24226
6341
9435
